image_width: 1280
image_height: 1024
camera_name: narrow_stereo
camera_matrix:
  rows: 3
  cols: 3
  data: [1537.78825,    0.     ,  645.27178,
            0.     , 1537.04229,  493.34762,
            0.     ,    0.     ,    1.     ]
distortion_model: plumb_bob
distortion_coefficients:
  rows: 1
  cols: 5
  data: [-0.219913, 0.200016, 0.000027, -0.000208, 0.000000]
rectification_matrix:
  rows: 3
  cols: 3
  data: [1., 0., 0.,
         0., 1., 0.,
         0., 0., 1.]
projection_matrix:
  rows: 3
  cols: 4
  data: [1484.42493,    0.     ,  644.89138,    0.     ,
            0.     , 1500.33374,  492.08037,    0.     ,
            0.     ,    0.     ,    1.     ,    0.     ]
